%YAML:1.0
Extrinsics:
   Right camera:
      RotationMatrix: !!opencv-matrix
         rows: 3
         cols: 3
         dt: d
         data: [ -9.9992674589157104e-01, -7.6647805981338024e-03,
             -9.3680294230580330e-03, 3.6577070131897926e-03,
             5.4642921686172485e-01, -8.3749729394912720e-01,
             1.1538198217749596e-02, -8.3747017383575439e-01,
             -5.4636114835739136e-01 ]
      TranslationVector: !!opencv-matrix
         rows: 3
         cols: 1
         dt: d
         data: [ 4.6339288353919983e-01, -1.3889474487304688e+02,
             1.0220338439941406e+02 ]
   Left camera:
      RotationMatrix: !!opencv-matrix
         rows: 3
         cols: 3
         dt: d
         data: [ 9.9943554401397705e-01, 1.6030378639698029e-02,
             -2.9523728415369987e-02, 3.3549327403306961e-02,
             -5.2205407619476318e-01, 8.5225230455398560e-01,
             -1.7510551260784268e-03, -8.5276174545288086e-01,
             -5.2229720354080200e-01 ]
      TranslationVector: !!opencv-matrix
         rows: 3
         cols: 1
         dt: d
         data: [ -2.0429095625877380e-01, 1.3825561523437500e+02,
             1.0517691040039062e+02 ]
   Front camera:
      RotationMatrix: !!opencv-matrix
         rows: 3
         cols: 3
         dt: d
         data: [ 5.8967117220163345e-03, -5.0638008117675781e-01,
             8.6229020357131958e-01, -9.9971073865890503e-01,
             -2.3092266172170639e-02, -6.7244851961731911e-03,
             2.3317379876971245e-02, -8.6200112104415894e-01,
             -5.0636976957321167e-01 ]
      TranslationVector: !!opencv-matrix
         rows: 3
         cols: 1
         dt: d
         data: [ 1.4652830505371094e+02, 1.0907132923603058e-01,
             1.0481135559082031e+02 ]
   Rear camera:
      RotationMatrix: !!opencv-matrix
         rows: 3
         cols: 3
         dt: d
         data: [ -1.8574131652712822e-02, 6.0875475406646729e-01,
             -7.9314100742340088e-01, 9.9982219934463501e-01,
             1.3894243165850639e-02, -1.2750119902193546e-02,
             3.2583978027105331e-03, -7.9323679208755493e-01,
             -6.0890460014343262e-01 ]
      TranslationVector: !!opencv-matrix
         rows: 3
         cols: 1
         dt: d
         data: [ -2.9537045288085938e+02, -1.9779967069625854e+00,
             9.8873107910156250e+01 ]
