%YAML:1.0
CameraMatrix: !!opencv-matrix
   rows: 3
   cols: 3
   dt: d
   data: [ 3.3641162109375000e+02, 0., 6.3410766601562500e+02, 0.,
       3.3698690795898438e+02, 3.9171795654296875e+02, 0., 0., 1. ]
DistortionCoeffs: !!opencv-matrix
   rows: 4
   cols: 1
   dt: d
   data: [ -5.7877441868185997e-03, 5.8477133512496948e-02,
       -1.3016775250434875e-02, -5.5314676137641072e-04 ]
Scale: 1.4313492774963379e+00
Error: 0.
