%YAML:1.0
CameraMatrix: !!opencv-matrix
   rows: 3
   cols: 3
   dt: d
   data: [ 3.3813961791992188e+02, 0., 6.4061981201171875e+02, 0.,
       3.3905798339843750e+02, 3.9455261230468750e+02, 0., 0., 1. ]
DistortionCoeffs: !!opencv-matrix
   rows: 4
   cols: 1
   dt: d
   data: [ -6.2436321750283241e-03, 6.5238736569881439e-02,
       -1.7115367576479912e-02, 2.9843099764548242e-04 ]
Scale: 1.5850172042846680e+00
Error: 0.
