%YAML:1.0
CameraMatrix: !!opencv-matrix
   rows: 3
   cols: 3
   dt: d
   data: [ 3.3586087036132812e+02, 0., 6.3769842529296875e+02, 0.,
       3.3648779296875000e+02, 3.9483355712890625e+02, 0., 0., 1. ]
DistortionCoeffs: !!opencv-matrix
   rows: 4
   cols: 1
   dt: d
   data: [ 1.6937814652919769e-03, 4.9326870590448380e-02,
       -6.1434176750481129e-03, -1.9723311997950077e-03 ]
Scale: 1.4812006950378418e+00
Error: 0.
