%YAML:1.0
CameraMatrix: !!opencv-matrix
   rows: 3
   cols: 3
   dt: d
   data: [ 3.3755877685546875e+02, 0., 6.4252471923828125e+02, 0.,
       3.3824868774414062e+02, 3.9324295043945312e+02, 0., 0., 1. ]
DistortionCoeffs: !!opencv-matrix
   rows: 4
   cols: 1
   dt: d
   data: [ -6.3153803348541260e-03, 5.7382497936487198e-02,
       -9.6621867269277573e-03, -1.6355188563466072e-03 ]
Scale: 2.3133468627929688e+00
Error: 0.
